[DSC00696 - Copy.jpg]
filters=autocolor=1;enhance=1;fill=1,0.467290;radblur=1,0.657068,0.583497,0.087719,1.000000;finetune2=1,0.380117,0.089825,0.058947,00000000,0.000000;
moddate=07fbcc05e57cd101
width=1536
height=2048
textactive=0
